points (82,82) (25,8) (-10,43) (-81,22) (4,-25)
points (21,-93) (-23,6) (-89,-17) (-38,47) (-97,73) (-37,-77)
points (-46,66) (-81,-21) (-87,50) (10,-85) (9,36)
points (-86,-34) (17,26) (41,-76) (37,87) (48,25) (-39,89) (52,48) (-35,-44) (20,87) (-78,-93)
points (-69,-33) (-38,93) (-4,64) (49,-19) (34,61) (59,64) (-27,-17) (42,-43) (52,29)
points (2,-10) (-63,-20) (-62,-93) (95,68) (98,18) (73,12) (-6,-6) (20,28) (-13,-83)
points (-89,95) (12,-2) (-2,-95) (13,-100) (63,-11) (40,-59)
points (47,-13) (61,-96) (-29,13) (76,-45) (-8,6) (12,7) (93,-9) (-62,-92) (-26,32)
points (26,29) (-47,24) (-42,33) (-95,73) (28,33) (69,53)
points (-71,-65) (-1,-8) (40,68) (-95,-28) (-26,-1) (57,-37)
points (89,-47) (-4,86) (48,-75) (-63,86) (-26,-18) (-7,48) (-7,97) (58,40)
points (-39,33) (35,87) (61,89) (-69,67) (-27,-4) (89,85) (73,-62)
points (-55,-95) (-83,34) (33,-15) (81,16)
points (17,-29) (38,-57) (73,-15) (11,9)
points (79,-90) (40,-73) (71,17) (-84,-75) (-63,14)
points (1,89) (-96,-3) (-1,-33) (74,-22) (-43,-93) (58,39)
points (80,64) (12,2) (14,4)
points (-15,-100) (-73,94) (67,-71) (-68,53) (31,57) (-99,-39)
points (91,-3) (39,-36) (-56,-55) (75,65) (-59,-74) (-27,100)
points (75,-66) (-52,7) (60,100) (79,-28) (14,-76) (-2,14)
points (-75,84) (-64,-86) (-83,49) (-88,-34) (-16,-85)
points (13,55) (70,-22) (-81,-47)
points (-17,30) (84,88) (28,-8) (48,28) (-78,37)
points (43,44) (-55,4) (-71,-25)
points (-42,0) (-30,98) (-100,21) (-45,-38) (52,63)
points (-96,6) (80,96) (17,-12) (-56,9) (72,-93) (-8,-51) (-60,49) (-24,12) (75,-43)
points (-56,97) (31,-4) (-92,93) (70,-83) (-98,-88) (48,-17) (-25,-6)
points (-63,48) (55,-59) (-24,18) (80,45)
points (-35,100) (8,-51) (-42,-80) (-92,72)
points (-28,42) (86,-100) (-47,-2) (-65,-2) (53,-49)
points (-19,-6) (-98,7) (70,-87) (-54,64) (71,-9) (31,-39) (-52,-50) (-47,-89)
points (96,-6) (70,-89) (67,60) (-43,-32) (89,-55) (66,52) (-40,98) (-97,-54) (-17,16) (-94,46)
points (96,-70) (-98,8) (75,-23) (-41,-2) (90,-44) (-70,-23) (-30,-14) (-55,38) (-78,-73) (-78,-59)
points (6,96) (73,58) (-49,14) (-90,23) (74,-77) (80,-49)
points (77,28) (77,17) (-43,40) (-81,-45) (-60,-53)
points (-82,-25) (-99,48) (8,12) (48,65)
points (60,71) (34,95) (23,45) (94,12) (2,23) (-78,-3) (87,70) (-76,14) (-1,-91) (-92,57)
points (-62,22) (-17,-69) (-86,16) (25,20) (9,14) (-73,51) (59,-43)
points (-22,-10) (31,-59) (25,71) (-98,87) (98,-71) (-2,-19) (-56,25)
points (-50,90) (-30,-22) (-59,77) (-46,25) (-22,9) (-25,-80) (79,96) (81,-86) (21,-16)
points (-56,-96) (-56,-62) (40,-94) (-44,-44) (-6,94) (-26,53) (61,-82)
points (-100,-35) (-97,16) (81,-61) (80,-35) (-60,17) (4,-9) (12,72) (15,10)
points (33,4) (-88,-88) (13,-49) (31,1)
points (11,-79) (-85,-42) (-11,5)
points (-70,-97) (68,59) (84,65) (-28,88) (20,-74) (-95,-53) (-85,-96) (-76,61) (-7,77) (-15,39)
points (48,94) (-74,6) (-56,-79) (4,-58)
points (63,82) (-99,31) (-3,-59) (44,-100) (88,48) (-36,-56) (62,-34) (-81,-89)
points (-35,79) (-32,1) (-67,-79)
points (26,39) (-27,-56) (83,-17) (-29,17) (-57,80) (-50,-68) (-99,-53)
points (-31,64) (69,-27) (6,20) (-41,34) (80,83) (-1,-75) (13,21)
points (49,100) (6,89) (-95,-19) (86,-91) (-52,21) (25,-53) (-82,65)
points (94,-2) (21,-79) (-39,80) (64,-32) (-85,-62) (7,-42)
points (-35,70) (-8,-8) (57,1) (45,49) (74,-42) (39,57)
points (-12,-9) (-4,-45) (-24,9) (-69,84) (-67,70) (82,18)
points (-35,-58) (-39,-49) (-77,84) (-8,-71) (-73,-9) (71,20) (-74,46) (-5,53)
points (-74,-29) (1,3) (-57,47) (9,49) (-72,6)
points (32,88) (60,76) (45,88) (85,30) (24,42) (-73,64)
points (0,-21) (11,-65) (-74,-23) (70,-75) (41,16) (30,-96) (-61,-57) (12,7)
points (49,-79) (48,-31) (36,-2) (-8,-12)
points (77,-9) (-92,-3) (-5,-18) (-63,10) (6,-78) (78,1)
points (-53,-78) (-76,-99) (63,85) (-39,-91) (39,-26) (-35,79) (-72,-70) (-98,58)
points (-30,-48) (-74,57) (-62,12) (-40,-80) (76,50) (-19,5) (97,31) (-52,7) (-81,47)
points (44,5) (-41,-54) (63,73) (74,35) (32,-55) (-97,-42) (16,94) (-25,82) (95,88) (-57,78)
points (10,-92) (83,37) (83,50) (-63,12) (-31,-15) (0,-4) (36,69) (14,44) (99,-85)
points (2,99) (-25,-76) (-10,-68) (-42,61) (-47,-85) (-10,62)
points (-97,94) (23,13) (49,-98) (-64,-46) (0,34)
points (-97,-43) (-68,-53) (27,-63) (60,-91) (36,-91) (79,59) (-32,-45) (-6,-73)
points (84,23) (90,33) (40,-42)
points (-61,-31) (85,18) (-67,-42) (-19,17) (-61,-11) (-32,-96) (-89,83) (21,0) (74,43)
points (92,49) (-36,-80) (-84,-28) (96,-74) (20,34) (-51,-39) (-67,78) (35,-53)
points (98,-6) (-43,-79) (-76,-37) (96,63) (-44,-64)
points (38,-41) (-79,-38) (36,82) (12,10)
points (34,-57) (41,-40) (-92,-59) (54,96) (31,31) (-32,57) (-20,-90)
points (20,-75) (-68,-76) (38,-97) (-34,-91) (-27,96) (37,-97) (-83,-29) (69,39) (-38,-12)
points (-50,-12) (-62,-86) (32,-82) (-20,-85) (82,-4) (97,32) (80,-58) (70,-89)
points (-35,-93) (77,81) (-76,22)
points (89,-93) (-53,-67) (10,-98) (57,-22) (72,-44) (-40,24) (64,1)
points (-81,82) (77,28) (-49,95) (73,-66) (-25,-33) (-37,31)
points (84,19) (-35,-76) (-7,20) (38,54) (-81,-54) (73,-6) (-89,41) (80,46) (81,-30) (0,47)
points (32,36) (-81,-79) (92,13) (37,55) (88,84) (-13,33) (-16,-25) (-20,30) (79,29)
points (91,-65) (36,-85) (82,3) (-86,85) (-39,39) (-85,73) (-32,26) (-44,-100) (0,34) (30,-10)
points (-78,-11) (92,45) (-20,5) (13,-33) (70,11) (-83,91) (-57,72)
points (-70,31) (-82,-95) (25,94) (23,87) (-43,-100) (-83,31)
points (89,16) (-55,-86) (-5,-78)
points (1,82) (22,27) (24,-26) (71,3) (-93,-36) (67,-46) (97,3) (17,13) (87,1) (84,-74)
points (10,17) (-81,-3) (58,8) (-29,47) (-97,51) (99,-10) (6,-47)
points (88,15) (16,-67) (99,31) (63,92) (-54,22) (92,-94) (79,-40) (-39,75) (97,-31)
points (16,-19) (-92,36) (-10,72) (-10,-7)
points (-5,-42) (-8,-3) (-97,6) (18,90) (1,33) (96,48)
points (-79,-87) (80,-46) (-51,29) (-53,100) (69,-93) (-28,-5) (9,51) (52,0) (41,-31) (31,-68)
points (39,-93) (-5,-75) (-67,-93) (99,30) (-58,-9)
points (32,43) (-84,70) (-50,-6)
points (36,25) (86,28) (-94,-61) (-33,32) (-23,-59) (-13,-70) (93,-75) (-1,-47) (43,-91) (65,-36)
points (-74,-30) (-32,-74) (-27,-76) (-26,-57) (-94,93)
points (-63,61) (81,95) (36,36) (-82,-90)
points (-82,55) (-74,-6) (35,44) (2,32) (-56,89)
points (-17,-38) (68,81) (-37,97) (85,-30) (65,76)
points (57,-71) (-70,-16) (-6,-19) (39,-35) (-53,86) (-1,89) (-35,72) (-80,31) (-87,-34) (-50,82)
points (-71,45) (28,70) (-46,-82) (-87,13)
points (-24,97) (90,-41) (-49,97) (45,18) (-66,39) (-48,-52)
points (-98,86) (-29,-99) (91,100) (-34,42) (66,50) (-23,75) (-81,29) (63,-47)
points (80,70) (12,-84) (-45,-36) (-64,-13) (11,74) (29,-25) (8,68)
points (-69,-79) (23,19) (79,17) (-91,94) (-63,-99) (90,-29) (63,-56) (89,-87)
points (26,-74) (-52,32) (-36,68) (-89,-24) (-70,72) (-20,-26) (-44,31)
points (50,-78) (-28,-70) (77,4) (-31,-3) (-21,-15) (-33,89) (-31,-55) (88,-76)
points (52,3) (100,2) (-100,4) (89,54) (88,-58) (-37,-95) (89,6)
points (-70,31) (-79,42) (89,84) (-55,3) (-92,1) (100,-2)
points (2,20) (-25,-55) (82,68) (87,9) (60,30) (83,50)
points (13,23) (-6,84) (-74,27) (-41,-93) (-67,39)
points (26,-55) (0,3) (-92,6) (-29,14) (94,38) (74,57) (-14,-58) (97,-13) (96,-5) (48,83)
points (-100,-27) (91,-50) (86,-29) (-89,-73) (66,-60)
points (-4,-75) (81,-64) (83,11) (-39,15)
points (-64,89) (58,72) (-2,-3)
points (32,17) (88,8) (49,-49) (-82,-58) (59,74)
points (-73,8) (52,49) (-74,59) (57,-30)
points (6,32) (-17,25) (91,-47) (67,51) (-14,-26) (89,-4) (-21,-29) (-3,71) (-54,1) (-65,89)
points (-80,-27) (62,-32) (-92,44) (98,76) (55,-8) (-29,85) (52,49) (46,45)
points (6,93) (-32,66) (-59,28) (18,88) (-94,-46) (62,-58) (-96,8) (-19,-10) (23,-26)
points (44,-11) (77,61) (-61,-48) (58,86) (35,-81) (-5,-78)
points (92,-29) (-94,-60) (52,90) (-65,-87) (96,36) (-71,68) (-3,39) (22,-50)
points (55,-69) (-28,-70) (68,-25) (-94,-94) (96,18) (-49,75) (100,31) (-41,-25)
points (-25,-24) (-30,52) (66,12) (-4,45) (-66,-45) (31,74) (86,-21) (62,22)
points (3,-76) (31,-84) (60,-54) (72,58) (83,14)
points (27,16) (28,64) (-86,-85) (-82,76) (-79,93) (-22,-21) (-70,2) (60,-63) (98,-49)
points (0,-63) (73,22) (73,29) (96,-65) (41,7) (-3,29)
points (80,4) (-99,-60) (23,-2) (3,28) (76,94)
points (-100,-5) (-69,-84) (5,-92)
points (-68,94) (23,61) (73,5) (68,100) (-33,57) (-39,50) (33,46) (95,-55) (74,77) (25,-64)
points (59,49) (7,5) (-73,58) (86,-70) (-38,83) (-55,14) (-42,-89)
points (-93,-59) (53,-65) (-71,-74)
points (-87,-39) (-13,-18) (-18,59) (53,97) (31,-87)
points (-64,59) (-4,22) (29,36) (74,-9) (-61,-14) (57,64) (-58,96) (6,-62) (0,73)
points (30,-17) (-79,12) (-25,-51)
points (-12,88) (-43,7) (-15,57) (-68,-53) (14,24) (89,-89)
points (-13,50) (75,50) (-73,-69) (-45,-52) (11,-17) (98,87) (84,11) (6,-77) (-3,15) (85,-62)
points (87,-7) (-73,-41) (-97,32) (-83,71) (-93,-21) (-52,42) (23,32) (70,-55) (-34,-23)
points (-58,-63) (69,-99) (68,-41) (-71,33) (-64,-65) (78,-29) (-16,54) (-6,62) (39,92)
points (-73,-10) (-21,99) (97,-8) (-55,-95) (-64,39)
points (94,-64) (-73,47) (88,-57) (13,39) (3,65) (-18,-93) (88,5) (-71,-42) (48,67) (67,20)
points (61,25) (95,39) (67,95) (90,52) (-35,-21)
points (-6,-98) (35,-95) (38,-25) (-11,-95)
points (16,32) (23,64) (-71,-71) (-30,13) (67,64) (96,47) (-35,-86) (-86,66) (40,55)
points (-73,-11) (0,-94) (45,99)
points (-63,-64) (-42,91) (87,79) (-7,-22) (77,-95) (5,-37) (-76,79)
points (-17,45) (78,-50) (-33,13) (18,44) (-58,-37) (-40,93) (65,-84)
points (-63,62) (31,-22) (87,42) (60,-28) (3,35) (-3,-19)
points (-30,-44) (-8,57) (-15,-65) (74,91) (77,59) (78,97) (-66,78) (14,12) (89,-16) (80,-30)
points (93,-89) (-94,-25) (82,-49) (-3,79) (38,-52) (-44,79) (16,4) (73,-90) (18,-30)
points (-87,-84) (42,84) (-47,29) (-14,48) (27,49) (-78,1) (-47,-72) (19,94)
points (22,-27) (-84,-54) (-9,85)
points (-65,87) (-40,52) (-98,-95) (-95,39) (-39,-90) (-57,73) (-36,16) (-66,-9) (68,-74)
points (-74,23) (58,-11) (69,21)
points (-36,57) (-51,-61) (-54,-64) (71,24)
points (-18,70) (39,-63) (-23,-73) (-77,31) (-42,-52) (-95,-13) (65,13) (27,63)
points (54,55) (-90,16) (-13,-55) (21,-40) (85,1)
points (-67,-99) (-17,-32) (76,-9) (-31,-41) (52,67) (-73,-34) (-23,71) (94,-41)
points (67,-27) (3,-41) (58,53) (79,77)
points (-21,97) (-12,81) (49,10) (-17,-53) (24,-100) (11,32) (70,-67) (14,-78) (65,-83)
points (-77,-92) (31,-31) (-48,29) (-22,-47) (-90,60) (-77,-72) (22,61)
points (-3,83) (76,55) (30,-92) (40,30)
points (-20,95) (-31,81) (-61,100) (-55,47) (98,-76) (-79,-45) (-37,-53) (33,-27)
points (36,-76) (-96,75) (-39,-62) (-68,-71)
points (74,-95) (88,-73) (-48,-5) (-32,73) (-38,62) (67,84) (-32,-14) (92,-44) (40,-54)
points (32,68) (-28,47) (94,65)
points (-20,87) (-41,-72) (31,-33) (62,-40) (-61,-45) (11,45) (-100,100) (17,94)
points (87,-17) (100,-29) (-54,99) (-3,-28)
points (80,-7) (1,3) (-25,-33) (-47,45) (-75,-46) (67,11) (-72,69) (-27,28) (-42,14)
points (-23,-46) (-40,18) (-95,22) (-54,-14) (-52,66)
points (-31,-90) (30,87) (-11,6) (79,10) (-99,20) (83,-69) (23,85)
points (-98,80) (-27,63) (76,19) (90,-21) (-86,-16) (-59,66)
points (-50,-70) (-61,75) (56,-27) (-31,14) (24,-92) (26,84)
points (77,-10) (95,-79) (96,-19) (-15,-90) (-32,22) (87,-43) (-53,-78)
points (-24,84) (-74,-71) (-27,-61) (-31,90) (94,-64) (-29,-34) (-46,43) (-91,55)
points (53,-22) (96,-65) (-81,28) (44,-29) (70,44) (-46,37) (-89,52)
points (-71,-11) (-59,-18) (95,-32) (-27,-67) (3,85) (-56,5) (-32,-73) (-56,-17) (41,91) (8,-75)
points (-91,43) (41,87) (81,86) (23,43) (-54,-97) (-43,74) (31,12) (73,-17) (-24,-85)
points (-9,-52) (-16,-6) (-51,53) (-84,47) (61,73) (-6,34) (45,66)
points (17,58) (69,29) (34,-96) (-49,-30) (-32,-43)
points (85,14) (33,40) (-54,-24) (26,25) (-66,74) (-35,-72)
points (75,57) (52,-77) (48,-84)
points (85,3) (81,90) (15,-28) (81,5) (21,93)
points (-2,-9) (-21,-9) (-23,-49) (-29,-82) (-9,70)
points (16,75) (-78,32) (-36,43) (58,-15)
points (50,23) (53,-36) (66,-72) (84,0) (61,-46) (48,-91) (91,-56) (-9,46) (-83,-74) (35,-1)
points (-2,63) (32,75) (18,-24) (60,30)
points (63,10) (82,-78) (43,27) (-51,88)
points (18,-2) (25,91) (89,79) (82,-67) (97,-6) (67,-56)
points (-100,17) (-85,-61) (-59,-52) (-4,47) (75,-20) (73,13) (-33,56) (74,-67) (17,43)
points (9,-27) (-74,-38) (21,-27) (60,-86) (98,41)
points (16,-96) (-90,-3) (34,15) (5,44)
points (-80,-1) (-30,29) (-83,25) (-75,27) (46,-69)
points (7,35) (83,-74) (-70,94)
points (100,-11) (3,53) (8,-33) (93,62) (-26,71) (-30,-40)
points (-65,-74) (-79,-4) (84,-48) (89,50) (-15,-37)
points (-7,-25) (91,60) (0,85) (-12,-5) (-11,-98) (85,-41) (49,41) (-20,100)
points (71,-84) (-12,-47) (-95,-37) (60,77) (5,10) (-46,35) (58,44) (-70,71) (-70,2) (-41,95)
points (-65,-10) (-37,-94) (23,-10) (-8,-4)
points (25,-92) (-95,-97) (-64,60) (49,-4)
points (92,6) (72,48) (-55,-17) (72,64) (90,48)
points (0,100) (-36,86) (88,7) (-20,25) (25,2) (87,-98) (4,-46)
points (-56,17) (-31,52) (32,30) (20,62)
points (61,-53) (-42,-28) (0,-58) (35,1) (31,-41) (-55,-8) (-25,-14)
points (-16,74) (70,-93) (98,-65) (67,51)
points (14,-71) (64,-50) (-91,92) (-7,54) (-76,53) (-65,-9)
points (91,14) (-55,73) (-35,-52) (-95,-18)
points (-75,36) (-18,-32) (-52,-71) (-69,-7)
points (-56,26) (-22,73) (-89,-31)
points (-52,30) (93,-74) (-18,-39) (83,62) (-38,-80) (83,1) (79,-29) (27,95) (-13,-92) (28,-10)
points (-96,1) (-78,-19) (-24,-20) (66,-22) (-36,71) (-71,84) (94,73) (-16,20) (-36,-15)
points (-38,-92) (-35,-8) (-91,51) (14,67) (-87,-26)
points (-9,91) (82,63) (-54,49) (39,69) (-16,5) (19,-81) (-100,4) (83,-55)
points (-15,-33) (29,50) (92,-26) (-36,49) (-94,-39) (-71,30) (-93,-52) (-79,-94)
points (95,57) (-100,-36) (19,-3) (-37,-2) (-41,66) (25,-20)
points (10,69) (81,-47) (-16,98) (11,74) (37,100) (36,-36) (29,-34)
points (-37,40) (53,84) (-12,65) (98,66) (-11,-91) (-30,-5) (-9,74) (-86,-1)
points (68,94) (76,-18) (71,-87) (70,-78)
points (44,6) (-36,61) (90,-59) (-73,45) (19,53) (-94,1)
points (-81,-80) (95,81) (69,96) (57,-57) (49,55)
points (91,98) (-33,60) (-95,50) (-46,-7) (-87,-69) (-17,-20) (-80,-16)
points (71,30) (-65,-84) (25,-53) (44,33) (-53,72) (-27,80)
points (26,26) (-97,-75) (55,-73) (34,23) (-5,53) (-54,89) (-7,-22) (99,-96) (67,75)
points (-77,28) (-80,-75) (11,87) (67,12) (37,21) (-31,0) (38,-73) (-92,-12) (-38,-62)
points (91,92) (-40,26) (57,22) (-87,39) (-47,5) (-21,37) (-51,38) (61,-79)
points (81,88) (87,-1) (-73,-56) (88,98) (-98,-43) (53,-66) (80,-14) (86,37) (-20,42) (43,-31)
points (-53,-86) (-28,-60) (27,35) (60,-23)
points (36,-47) (76,-42) (-20,-81) (-61,6) (67,-71) (53,23) (-64,52) (-79,65) (40,80)
points (-97,9) (-74,-39) (70,20) (-67,-16) (86,-46) (-62,17) (54,-93) (11,60)
points (-43,77) (3,-22) (59,70) (62,13) (-22,45) (-68,78) (51,-85) (-80,72)
points (90,-39) (55,37) (27,20) (-21,-34) (31,83) (43,69) (-28,53) (28,-8) (-41,-51) (91,-83)
points (44,-46) (-70,10) (10,59) (96,28) (76,19) (-87,98) (-71,-36) (23,78) (-36,-51) (99,-79)
points (67,-14) (73,36) (-28,54)
points (-59,-41) (-21,56) (-32,36) (-40,43) (-15,5) (-4,86) (-66,-47) (79,-24) (-43,-12) (-57,-18)
points (-88,-28) (61,-49) (-76,65) (-76,38) (-91,99) (-53,100)
points (30,85) (-36,33) (16,53) (-69,-36) (68,1) (36,-68)
points (59,-5) (28,63) (44,22) (-29,-39) (7,70) (-78,-100) (44,94) (-63,-73)
points (-54,100) (69,-4) (-57,-55) (63,25) (86,32) (6,-33) (-95,84)
points (-91,88) (-79,33) (10,-16) (-20,77) (-62,-72) (88,93) (-28,-29)
points (56,-78) (-61,16) (76,-33) (53,63)
points (48,-15) (-51,-58) (-84,-54) (-82,55) (-16,47) (-74,11) (-15,97) (-41,-39)
points (-24,60) (51,-74) (-43,51) (83,-11)
points (-8,-31) (35,-27) (-32,46) (19,-34) (89,-85) (-38,51)
points (93,-65) (38,-50) (98,-51) (-25,73) (-17,35)
points (-95,47) (-43,-41) (81,49) (81,85) (2,25) (-12,36) (30,88) (-42,63)
points (77,35) (38,50) (0,0) (-34,-97) (3,45) (91,61) (-56,93) (33,67) (-74,54)
points (-32,-70) (28,-62) (66,87) (81,5) (53,-67)
points (62,80) (-24,34) (-97,-38) (-96,62) (-62,-84)
points (-31,-79) (75,-11) (58,-96)
points (44,-9) (78,-33) (100,9) (9,-20) (-100,-14) (40,-16) (-62,43) (-9,6)
points (-79,-21) (-35,-17) (80,37) (78,51) (-98,-39) (-39,96) (55,-95) (-47,100)
points (-42,-57) (99,31) (96,38) (-27,25) (-20,-51) (-19,-92)
points (87,-6) (45,-29) (5,-8) (-41,-54) (33,12) (-15,-4) (-86,-60) (-40,-83)
points (-57,47) (-56,15) (62,73) (57,-97) (84,63) (11,70) (25,74) (-64,-56)
points (35,60) (-57,98) (-47,85) (2,26) (-85,-2) (-30,71) (-79,80) (-75,-11) (0,-72) (-46,-92)
points (-26,58) (77,95) (-29,-81)
points (-55,81) (-4,-84) (85,-25) (5,81) (67,-51) (-97,81) (-91,89) (-82,-80) (21,20)
points (-36,-93) (-88,-14) (-2,80) (69,-13) (75,-14)
points (60,13) (-6,-42) (-55,56) (-89,-8) (-34,95) (83,92) (-25,69)
points (-89,-38) (47,-78) (47,84) (-75,-46) (-45,96) (77,14) (-11,11) (-71,87) (87,-91)
points (98,-20) (-7,18) (-78,65) (-72,-25) (33,-35) (-7,19) (6,-67) (98,14) (14,47)
points (7,-39) (99,-56) (31,89) (-88,-56) (57,81) (-61,-85) (33,95) (63,14) (36,-39) (-86,69)
points (30,19) (-26,1) (-58,9) (84,61)
points (99,34) (-89,-92) (-50,72) (-27,98) (71,3) (-34,78) (-38,71)
points (-30,51) (-31,65) (6,50) (75,42) (93,-73) (-95,-55)
points (61,-23) (-36,20) (56,34) (74,37) (-3,96) (-86,-7)
points (54,77) (79,4) (-56,24) (-17,84) (-36,-49) (68,-24)
points (-17,-17) (-50,-92) (18,-84) (-54,-85) (-9,93) (22,-88) (17,55) (-91,-88)
points (45,-24) (79,-24) (-6,5) (-62,25) (-12,-99) (46,-72) (48,-30) (37,14) (41,31) (-52,78)
points (68,7) (9,29) (29,63) (-34,43) (-54,-62)
points (4,-32) (-90,59) (25,-62) (20,-33) (-92,88) (-71,-11)
points (-86,-52) (-53,-32) (2,16) (-100,45)
points (-23,40) (-53,-68) (-27,-88) (37,47) (-81,-57) (-71,-95) (-51,23) (-63,-46)
points (-32,93) (43,-70) (-43,-80) (82,11)
points (38,100) (11,7) (1,-4) (4,-23) (60,-21) (-59,-61) (-42,-69) (-42,-1) (27,-83)
points (-81,68) (65,94) (-92,22) (6,38) (77,75)
points (-71,-42) (20,-78) (-54,-5) (23,-34) (46,46) (93,96) (47,-26) (-6,15) (72,-40)
points (-3,-21) (-75,-98) (-31,88) (98,-12) (34,-50)
points (86,4) (36,13) (-83,7) (98,70) (22,-1) (85,-28) (96,-41) (32,71)
points (-82,86) (100,-88) (77,-50) (-88,-53) (-56,50) (-3,87) (-26,-28) (-33,47)
points (31,-84) (-98,17) (-6,80) (-11,-21) (-13,-29) (33,0) (86,-30) (61,13) (-5,0)
points (-80,21) (8,-31) (-44,53) (-27,-66) (1,49)
points (-36,71) (27,-14) (-73,71) (-62,27)
points (82,-3) (-57,19) (-8,24) (-46,13) (-95,80) (-4,49) (-71,-41) (-62,-18) (81,1)
points (-34,73) (24,53) (-50,82) (-66,-35) (-23,60) (45,-38) (-30,-93) (42,-4) (-66,-45)
points (73,-6) (51,88) (79,-8) (-59,93) (85,-35) (-26,25) (23,-30) (95,35) (97,-37)
points (86,-8) (85,41) (39,-25) (93,75) (-20,76) (-83,75)
points (85,41) (-94,-57) (16,80)
points (89,77) (26,-26) (46,59) (11,85) (-46,19) (-45,-17)
points (68,99) (-13,69) (-18,60) (8,65) (-96,96) (93,-39) (-11,56) (-38,-93) (80,30)
points (43,68) (84,53) (29,-92) (63,29) (-96,37) (-22,-61)
points (97,77) (66,-54) (49,-71) (5,49) (53,-84) (42,7)
points (-76,-94) (-91,29) (-66,99) (45,-62)
points (36,9) (-14,0) (-62,77) (-64,53) (-94,48)
points (61,-57) (-10,26) (-82,-19) (-70,-36) (-72,9)
points (44,-41) (59,-13) (90,-28)
points (35,-38) (7,35) (-32,99) (-74,34) (0,56) (27,63)
points (96,-87) (99,58) (-87,-79) (-28,71) (31,-8) (62,57) (51,30) (-78,63) (29,-5)
points (-29,12) (-18,-42) (-19,22) (-26,-44) (-60,-33) (-82,-3)
points (-52,86) (20,-95) (71,-18) (5,17) (-30,65) (-36,-69)
points (-41,-21) (14,-42) (-74,-5) (7,35) (32,88)
points (100,74) (31,-32) (-31,62) (-34,-45) (73,27)
points (-88,6) (12,90) (44,-95) (97,-20) (-24,95) (86,48)
points (20,-27) (43,-3) (48,-12) (-10,-82) (-82,-44) (12,-92) (88,58)
points (93,92) (-77,53) (51,57) (7,26) (8,-13) (52,-86) (89,-65) (63,24) (95,43)
points (-75,-76) (99,-42) (54,-74) (-1,0) (78,41) (-47,-61) (77,-16)
points (-68,81) (-72,16) (74,-96) (4,89) (20,58) (84,-58) (42,-11) (33,-41)
points (-3,-7) (15,85) (-78,-7) (39,38) (88,38) (65,-13) (94,-99) (7,17) (8,5) (0,-36)
points (-79,-98) (-93,-8) (-79,41) (-48,-88) (43,96) (-63,-41) (-87,4) (-94,46) (-75,-92)
points (60,-66) (7,-41) (53,33)
points (80,46) (49,-19) (-77,77) (-69,56)
points (68,2) (-19,27) (88,99)
points (85,-51) (-52,-96) (77,-74) (-5,70) (-99,-60)
points (-60,34) (-28,-10) (14,24) (4,-34) (-48,37) (-67,60) (88,-7)
points (-1,-70) (-23,81) (24,75)
points (5,-11) (-22,-25) (-54,18) (11,-51) (43,56) (88,-1) (4,-1)
points (-87,37) (44,-17) (-77,2) (42,25)
points (76,-29) (-86,-39) (-31,-13)
points (41,77) (23,80) (83,-4) (20,-70) (-20,-21)
points (-49,-93) (74,-68) (65,45) (7,57) (-71,44) (-70,75) (98,-31) (27,-90) (77,7)
points (69,-24) (-37,-96) (-43,91) (-9,-7)
points (-46,99) (54,-27) (7,-26) (-97,20) (-42,-83) (75,-16) (24,-40) (-4,-57) (49,18) (-24,-80)
points (87,-25) (-86,20) (26,97) (-97,-24) (18,-76) (-89,32) (-42,74) (-8,20) (65,-48)
points (10,11) (4,-56) (80,-63) (20,46)
points (52,-7) (-90,60) (-77,0) (79,48) (12,51) (81,0) (-69,85)
points (86,68) (-5,0) (78,6)
points (58,84) (-72,66) (-58,84) (-34,37) (80,-24) (-8,-57) (55,-76) (-94,-28) (-82,-78) (27,-93)
points (28,-60) (-80,49) (89,-16) (-74,-98) (2,85) (5,-54) (-39,72)
points (-27,-73) (-88,-90) (-10,-22) (44,56) (25,-74) (43,72) (-10,-52)
points (-32,71) (-32,-35) (75,4) (82,32) (-76,-2) (-31,-43) (-45,-65) (42,60)
points (69,-66) (76,-41) (22,-29) (18,-82) (34,-35)
points (-9,38) (-40,60) (-94,95) (51,74) (-85,89)
points (54,88) (2,89) (69,-21) (-64,-61) (60,-28) (25,62)
points (53,-10) (-91,53) (94,-16) (-24,-5) (-60,71) (80,-99) (-72,-77) (4,-17)
points (-53,66) (100,88) (31,-33) (-51,-51)
points (-40,-42) (-46,4) (-63,67) (36,33) (-36,-11) (-49,-82) (81,-26) (87,-85) (-91,-86) (96,-36)
points (-95,42) (-71,-59) (-5,92) (-100,64) (59,75) (37,49) (-11,67) (-39,24) (-17,-40) (48,100)
points (80,-50) (-43,-48) (-97,-32) (56,-23) (88,92)
points (-24,-67) (69,94) (-77,59) (58,98) (81,88) (84,-70)
points (96,-48) (-27,-10) (-57,-80) (50,-14) (19,-74) (-25,30) (-27,-33) (41,-45) (76,-15)
points (73,72) (55,42) (15,-29) (-81,45)
points (77,-46) (74,93) (-25,-36)
points (-7,-69) (-80,10) (79,-27) (4,71) (-54,-83) (22,-22) (-99,97) (-21,43) (-33,91)
points (-19,69) (22,63) (83,0) (-93,22) (66,92) (31,73)
points (-20,52) (26,-45) (-13,-48) (-69,41) (15,33) (-5,-67) (-84,31) (37,51)
points (-85,-8) (-54,70) (39,7) (29,8) (92,68) (-56,100) (-54,-60)
points (-60,-29) (-22,54) (40,72) (-49,-16) (-23,-23) (72,42) (-43,26) (24,50) (30,30) (54,-27)
points (-26,5) (-88,81) (-10,56) (-33,91) (32,97) (23,-29) (72,68) (41,-21)
points (54,32) (-59,73) (17,-26) (-18,-44) (-59,75) (-63,12) (-10,96) (35,-2)
points (-33,98) (2,56) (-58,-38)
points (25,92) (31,-31) (-71,22) (56,-7) (28,56) (19,96) (-69,-66)
points (-53,-20) (36,41) (12,84) (-93,53) (15,26) (8,-16) (-62,24) (97,46) (44,55) (-56,-22)
points (-15,-46) (-12,-68) (15,29) (-13,-27) (31,-45) (-50,82) (95,-22) (-58,-16)
points (-12,33) (-80,35) (15,-6) (92,-36) (-78,57) (48,-90) (-9,34) (73,43) (32,34)
points (-2,-93) (-66,42) (30,-22) (-97,-56)
points (-45,89) (25,70) (-55,8) (69,28) (95,29) (97,69) (79,-34)
points (39,67) (31,-60) (92,79) (100,-98) (1,32) (37,73) (-92,69) (-70,-14)
points (-92,24) (66,60) (-47,0) (-58,-61) (86,-92) (71,65)
points (-7,-55) (-60,61) (86,83) (-81,-19) (85,-78) (-67,11) (22,-27) (-53,-5)
points (44,-45) (-31,-2) (-92,94) (92,-97) (6,-96) (81,61) (51,-97) (22,-25)
points (94,-80) (-45,-20) (3,-26) (-65,54) (-6,63) (36,-19) (84,-98) (33,35) (-25,65) (-31,-40)
points (-2,8) (-92,5) (55,-87)
points (-23,30) (37,76) (26,99) (29,16) (-40,97) (-26,77) (75,-57) (-23,-89) (-37,-32) (47,-27)
points (14,-66) (62,-53) (72,-36) (29,-83) (-32,-82) (-95,-35) (58,-62) (56,-6) (-10,-13)
points (-49,-77) (49,-68) (-1,-95) (33,-66) (28,-89) (-88,74) (-74,36) (-76,24)
points (52,-41) (-6,-13) (-4,56) (95,69) (-71,-50) (67,-13)
points (26,-9) (95,83) (99,-58) (-44,-94)
points (26,-86) (53,14) (7,48) (-57,77)
points (-33,96) (79,-78) (-10,-73) (-14,-72) (12,50)
points (-49,-21) (63,-61) (54,-100) (-31,73) (29,64) (-54,-25) (9,-91) (-99,-65) (-55,-94)
points (64,-17) (-95,45) (66,-42) (86,80) (-9,-4) (-21,75) (-4,-83) (-86,-38) (43,64) (-36,-9)
points (71,9) (-22,-67) (95,-79) (-80,85) (30,7) (-31,-70) (-28,87) (-73,11) (100,-13) (31,-17)
points (-3,45) (6,-70) (48,-52)
points (-100,25) (86,6) (50,24) (-4,21) (19,61) (-6,0) (60,-91) (-6,90) (-95,-13) (-84,60)
points (58,-1) (-40,-22) (-11,38) (5,36) (-55,-52) (-79,-20) (-11,48) (-8,-25) (82,30)
points (-89,53) (-89,-25) (-47,-96) (-44,-29) (-44,-44) (-94,93) (-89,6) (-89,-24)
points (20,27) (-94,34) (-92,21)
points (-85,21) (77,84) (-84,56) (46,-25) (37,7) (75,13) (-79,48) (64,18) (-77,-25) (78,3)
points (45,-23) (-10,19) (88,-11) (1,-12) (15,-98) (53,81) (-72,77)
points (96,-81) (-98,-3) (-95,23) (-25,-86)
points (-64,-97) (-10,-85) (-98,-84) (-57,27) (-61,-60) (98,99) (-50,1) (92,67)
points (30,-43) (17,-21) (36,7)
points (-18,5) (-29,-76) (-63,-79) (66,35) (47,-71) (-22,-13) (18,79)
points (37,0) (69,-79) (-90,-27) (28,48) (-17,26) (-80,-11)
points (-81,14) (91,88) (-64,-81) (72,-7) (-58,39) (74,-49) (-96,82) (-48,-32) (76,22) (-96,-5)
points (35,-8) (96,-26) (81,87)
points (67,-33) (-88,-8) (2,-77)
points (-16,15) (-88,14) (84,-100)
points (-35,-83) (-46,9) (68,-16) (-48,-84) (-29,-45) (-6,-10) (96,93) (70,15)
points (-70,79) (41,8) (-19,-78) (95,-50) (52,4) (-98,72) (-95,-10) (24,39) (40,83) (32,15)
points (-42,-86) (-56,59) (40,-93) (63,-59) (83,-10)
points (-43,29) (-70,-31) (94,74) (33,86) (95,56)
points (93,-45) (-74,-21) (-83,95) (-62,-14) (-64,-99) (-92,-97) (26,-16) (87,79) (-45,-13) (-13,-86)
points (30,30) (-5,-93) (-77,-68)
points (7,-32) (93,87) (22,43) (-48,-19) (-35,-37) (-64,65) (63,18) (-64,-45) (-74,88)
points (0,55) (-10,-97) (-91,17) (17,32) (48,-31) (-45,-78) (6,-95) (-89,-36)
points (70,74) (14,54) (-19,-77) (84,-33) (-75,-51) (56,-44) (7,-38) (27,85) (95,4) (-15,36)
points (-68,-70) (-62,5) (-8,16) (-14,-31) (-45,32) (-76,-21) (-54,90)
points (-2,-100) (99,-29) (24,7) (-2,-96)
points (-55,29) (-44,66) (-14,-69) (-39,43) (-74,70) (28,-31) (73,-65) (-24,-23) (35,-30) (-15,-9)
points (-36,21) (39,98) (36,-33)
points (-98,97) (51,-71) (79,-53) (80,-60)
points (20,-53) (2,76) (0,-70)
points (-26,33) (-2,18) (100,-82) (-51,29) (68,-97) (7,-50) (85,67) (38,-27)
points (-73,18) (89,45) (60,-66) (-35,-36) (12,11)
points (40,-35) (-69,-57) (29,-69) (93,77) (29,94) (-4,91) (28,-89) (-9,-96) (-35,50) (-69,53)
points (7,-57) (-69,-52) (97,49) (-35,95)
points (20,81) (-13,-90) (-26,84) (43,67)
points (2,-22) (3,-7) (76,-95) (34,-92) (-56,57) (67,24) (36,54) (-7,11)
points (96,12) (42,12) (-56,-75) (-96,-53) (19,-47)
points (-71,8) (-49,77) (65,-57) (89,-35) (-97,44) (43,-5) (-80,-5)
points (15,11) (67,84) (-42,-25)
points (-30,88) (66,-2) (45,60) (-98,98) (35,-89) (-62,44) (-82,-97) (0,95) (-55,84)
points (-45,36) (-72,-12) (-27,-6)
points (-66,43) (9,-88) (26,-88) (-79,89)
points (-80,-47) (58,-79) (50,-30) (-28,-24) (-35,-48) (-83,-28) (-22,98) (46,-88) (-69,-46) (-72,-69)
points (-4,-57) (35,-100) (-61,-20) (-90,-52) (4,39) (-80,-27) (4,-95) (-51,-24) (-59,99)
points (96,-49) (-3,54) (-71,-6)
points (29,-19) (-64,79) (51,-63) (52,42) (-49,-17) (15,93)
points (12,-64) (-45,-54) (21,-28) (52,27) (-80,-32) (-90,-49)
points (-53,-23) (-34,71) (81,95) (98,-24) (-19,26) (67,-83) (-62,11) (14,-74)
points (54,81) (30,21) (49,62) (-100,-6) (77,84) (53,63)
points (-83,48) (14,32) (30,-88) (-59,63) (79,-95)
points (-67,-31) (-85,78) (64,-50) (-16,-64) (-19,97) (-65,-2) (-38,77) (8,-65) (79,-82) (-2,-81)
points (-91,-17) (-33,-73) (30,-44) (17,75) (-92,-49) (7,-55) (80,77) (-85,-64) (-50,-16) (-98,-92)
points (54,-61) (33,16) (95,37) (6,-75) (-58,-78)
points (-2,-18) (-60,-46) (62,-22) (31,82) (60,-65) (-38,93)
points (46,95) (83,-21) (-27,-65) (-27,-65)
points (-53,91) (-40,-9) (-44,-17) (-46,-15) (57,-52) (70,-97) (1,8)
points (-84,29) (35,-28) (-58,43)
points (4,-11) (-97,-35) (41,-2)
points (-18,42) (-88,2) (12,-80) (-43,30) (85,-29)
points (20,18) (-44,-16) (22,26)
points (-31,-50) (-91,-50) (-90,-42) (19,-50) (66,48) (31,-16) (20,-39)
points (98,-10) (-24,20) (-5,-35) (97,-12) (75,-27) (95,-54) (42,-6)
points (93,-91) (4,91) (-19,-86) (59,22) (4,65)
points (18,82) (66,-65) (93,-19)
points (70,6) (89,0) (-9,-88) (6,-15)
points (-1,-86) (-47,79) (-70,-6) (-66,-98) (-34,89) (-36,-67)
points (95,-5) (-43,-4) (70,-94) (86,-41)
points (-67,20) (-12,-3) (67,86) (20,-45) (64,-67) (65,-47) (-13,69)
points (-68,-51) (36,-74) (76,-43) (-34,5) (-61,-31) (40,99) (28,21) (-14,75) (-90,-97)
points (-51,-89) (38,4) (-81,32) (91,-23) (-3,58) (-63,63)
points (-88,96) (36,-20) (100,29) (13,85) (50,-90) (30,64) (-85,73) (42,-100) (-5,-60)
points (-35,-30) (-77,68) (99,4) (-39,43) (66,-3) (-33,35) (40,41) (-6,29)
points (-12,81) (86,-18) (-82,-52) (56,8) (63,44) (22,-89) (-47,-19) (89,-40)
points (82,4) (-27,28) (34,79) (48,-77) (-14,30) (70,33) (11,54)
points (73,30) (-81,26) (-1,-78) (-69,-99) (61,-10)
points (-56,-73) (-91,51) (25,76)
points (96,-75) (9,-40) (-29,-67) (-93,39) (-39,83) (38,-42) (-41,-72) (82,-4) (-97,88) (60,-11)
points (31,15) (67,-78) (53,64) (-64,16)
points (-23,-49) (38,96) (-52,-82) (-75,-70)
points (11,-78) (-8,-40) (36,-13) (57,-43) (60,-69) (-43,54) (-75,88) (-64,-28) (67,-47) (-8,-28)
points (-24,-80) (-16,50) (30,65) (67,58) (43,-35) (12,-63)
points (-19,85) (44,-34) (36,19) (-48,-72) (-16,59) (-5,60) (-97,54)
points (-71,32) (-93,76) (-50,68) (-34,-22) (-39,-61) (70,67)
points (0,18) (-48,90) (-57,81) (52,-30) (-88,37) (44,-63) (86,-87) (88,97) (27,20) (56,-18)
points (79,26) (84,-100) (2,60) (5,59) (-67,-77) (39,73) (45,-97)
points (96,51) (-43,29) (12,37) (-62,-78)
points (65,38) (-26,75) (97,-36)
points (58,-68) (31,-43) (-64,57)
points (48,-2) (-82,-54) (-91,84)
points (-97,-37) (7,8) (-100,61) (64,88)
points (-52,-96) (-48,-26) (9,68)
points (6,47) (-79,-40) (-9,60)
points (-74,-28) (52,23) (-83,-68) (-8,86) (17,31) (93,-85) (-23,-49) (4,-20) (-14,64)
points (-68,55) (95,-69) (-30,28) (-23,-5) (-85,45)
points (90,97) (90,35) (-72,-57) (69,-91) (31,-43) (32,97) (78,-74) (47,94)
points (-21,78) (-23,-5) (59,53) (-44,34)
points (-37,45) (71,23) (-19,36) (-77,86) (80,-37) (26,-90) (77,-67) (23,-84) (-25,83)
points (-5,-8) (-26,55) (-37,72) (-25,62) (84,68) (38,-53) (24,77) (55,21) (-39,0) (95,-54)
points (-76,-17) (-45,-69) (76,0) (57,82)
points (13,-74) (-43,-43) (-83,-57) (-60,-59) (3,-92) (94,-24)
points (-60,-48) (85,98) (77,55) (-40,75) (15,-18) (31,-56) (79,11) (-59,-60)
points (-25,-48) (-1,-69) (90,-37) (-73,46) (6,74)
points (97,19) (84,70) (-73,79) (50,-46) (82,50) (0,99) (-13,63) (36,-42) (36,-1) (70,-18)
points (23,33) (-81,15) (7,1) (-87,-82) (-96,-10) (97,-50) (63,1) (1,63)
points (97,-9) (39,-25) (32,-15) (32,-83) (76,-22) (-28,8) (-48,71) (32,-47) (20,32) (-46,-75)
points (-66,-47) (-46,-52) (-89,23) (20,-20) (-85,-59) (-83,95) (67,-4) (-29,97)
points (-70,14) (61,9) (-41,-11) (-89,85) (-38,82) (7,92) (-25,-9) (-21,74) (53,-57)
points (26,-41) (-45,62) (1,34)
points (89,50) (53,88) (75,-3) (-65,55)
points (-94,-87) (-91,-65) (-46,76) (-34,64) (95,97) (7,-7) (-8,40) (86,-36) (52,54)
points (-95,32) (70,36) (91,-59) (33,-93) (38,-10) (55,33) (-64,-50) (-37,-71)
points (85,54) (-58,80) (60,19) (-6,15) (-29,-89) (74,89)
points (-42,-53) (92,-84) (-38,-49) (78,61) (-10,82) (-80,62) (71,-6) (22,-63)
points (-55,-83) (45,-35) (51,-32) (-52,2) (-10,-97)
points (-57,99) (89,-52) (-49,-44) (61,49) (-11,-90) (17,-40) (18,49) (65,-52) (27,59) (-10,-5)
points (-89,-54) (99,-64) (-38,81) (-69,-53) (82,-89) (-93,-24) (-63,-94) (96,42) (30,65)
points (-42,100) (27,-23) (-83,-2) (59,-67)
points (42,79) (-79,-91) (-84,-83) (67,30) (-95,-22)
points (-14,-85) (-33,-87) (-89,-22) (-8,-38)
points (-12,5) (-48,7) (-19,-50) (61,64)
points (53,-1) (-69,28) (2,43)
points (-8,98) (-9,-75) (93,18) (85,-94) (29,82) (-79,-45) (-86,-70)
points (-9,-39) (77,-75) (11,78) (-86,-8) (17,52)
points (32,61) (-38,-7) (46,66) (17,87)
points (-43,43) (71,42) (63,-58) (2,59) (95,-50) (9,-48) (-82,-55) (10,-21) (-38,57)
points (24,-41) (-71,23) (7,61) (-56,-81) (36,-38) (47,14)
points (64,-49) (79,39) (-81,-92) (17,-22) (90,-16) (23,8) (8,-19) (98,-64) (53,-36)
points (-45,54) (3,67) (28,79) (51,61)
points (-47,-3) (31,72) (38,0) (85,84) (-51,-1) (-60,-40) (-80,31) (-88,23)
